Ticker,Date,Open,High,Low,Close*,adj Close,Volume
AMD,16-May-19,27.37,28.37,27.27,28.01,28.01,"67,043,400"
AMD,"May 15, 2019",26.87,27.79,26.73,27.58,27.58,"55,689,900"
AMD,"May 14, 2019",26.53,27.48,26.15,27.32,27.32,"82,980,400"
AMD,"May 13, 2019",26.98,27.23,26.10,26.24,26.24,"99,017,900"
AMD,"May 10, 2019",27.03,28.10,26.93,27.96,27.96,"82,930,100"
AMD,"May 09, 2019",26.70,27.38,26.03,27.21,27.21,"73,150,900"
AMD,"May 08, 2019",26.41,27.71,26.27,27.09,27.09,"65,967,500"
AMD,"May 07, 2019",27.20,27.35,26.21,26.66,26.66,"75,868,800"
AMD,"May 06, 2019",26.72,27.50,26.45,27.42,27.42,"70,344,100"
AMD,"May 03, 2019",28.30,28.42,27.66,28.22,28.22,"55,503,100"
AMD,"May 02, 2019",26.94,28.64,26.61,28.29,28.29,"100,514,800"
AMD,"May 01, 2019",28.95,29.15,26.78,26.81,26.81,"136,066,900"
AMD,"Apr 30, 2019",27.59,27.80,26.94,27.63,27.63,"73,165,900"
AMD,"Apr 29, 2019",27.90,28.14,27.50,27.69,27.69,"44,532,700"
AMD,"Apr 26, 2019",27.66,27.90,27.05,27.88,27.88,"48,827,900"
AMD,"Apr 25, 2019",28.67,28.86,27.36,27.66,27.66,"57,329,700"
AMD,"Apr 24, 2019",28.10,28.85,27.93,28.46,28.46,"51,784,700"
AMD,"Apr 23, 2019",28.18,28.49,27.79,27.97,27.97,"41,777,500"
AMD,"Apr 22, 2019",27.62,28.23,27.39,28.18,28.18,"36,477,300"
AMD,"Apr 18, 2019",27.60,27.88,27.34,27.68,27.68,"39,880,900"
AMD,"Apr 17, 2019",28.21,28.27,27.22,27.49,27.49,"48,240,800"
AMD,"Apr 16, 2019",27.72,28.18,27.49,27.93,27.93,"47,340,100"
AMD,"Apr 15, 2019",27.80,27.84,26.96,27.33,27.33,"40,812,500"
AMD,"Apr 12, 2019",28.21,28.38,27.66,27.85,27.85,"41,048,800"
AMD,"Apr 11, 2019",27.81,28.05,27.46,27.79,27.79,"44,801,200"
AMD,"Apr 10, 2019",27.46,28.12,27.32,27.83,27.83,"64,368,100"
AMD,"Apr 09, 2019",28.24,28.38,27.19,27.24,27.24,"75,539,800"
AMD,"Apr 08, 2019",28.69,28.95,28.18,28.53,28.53,"58,002,500"
AMD,"Apr 05, 2019",29.64,29.69,28.80,28.98,28.98,"65,662,700"
AMD,"Apr 04, 2019",28.88,29.39,28.61,29.09,29.09,"82,191,100"
AMD,"Apr 03, 2019",28.02,29.95,27.88,29.02,29.02,"197,650,500"
AMD,"Apr 02, 2019",26.51,26.80,26.09,26.75,26.75,"53,358,800"
AMD,"Apr 01, 2019",26.42,26.56,25.83,26.36,26.36,"63,000,300"
AMD,"Mar 29, 2019",25.58,25.73,25.25,25.52,25.52,"53,502,800"
AMD,"Mar 28, 2019",25.10,25.56,24.65,25.06,25.06,"64,667,500"
AMD,"Mar 27, 2019",25.70,25.88,24.55,24.89,24.89,"88,585,300"
AMD,"Mar 26, 2019",26.69,26.98,25.46,25.69,25.69,"75,754,100"
AMD,"Mar 25, 2019",26.29,26.99,25.54,25.97,25.97,"78,438,200"
AMD,"Mar 22, 2019",27.54,27.75,26.33,26.37,26.37,"115,323,300"
AMD,"Mar 21, 2019",25.78,28.11,25.71,27.89,27.89,"129,610,300"
AMD,"Mar 20, 2019",26.49,26.88,25.31,25.70,25.70,"151,292,100"
AMD,"Mar 19, 2019",23.60,26.08,23.59,26.00,26.00,"156,052,200"
AMD,"Mar 18, 2019",23.30,23.62,23.04,23.25,23.25,"34,731,800"
AMD,"Mar 15, 2019",23.10,23.65,23.01,23.29,23.29,"46,519,900"
AMD,"Mar 14, 2019",23.37,23.49,22.80,22.82,22.82,"42,818,600"
AMD,"Mar 13, 2019",23.66,24.15,23.35,23.38,23.38,"56,705,800"
AMD,"Mar 12, 2019",23.10,23.80,22.78,23.49,23.49,"56,410,600"
AMD,"Mar 11, 2019",22.15,23.08,21.98,22.96,22.96,"54,420,200"
AMD,"Mar 08, 2019",21.35,22.09,21.04,22.01,22.01,"49,967,700"
AMD,"Mar 07, 2019",22.33,22.41,21.73,22.08,22.08,"52,087,400"
AMD,"Mar 06, 2019",23.47,23.53,22.40,22.41,22.41,"60,479,400"
AMD,"Mar 05, 2019",23.34,23.68,23.01,23.50,23.50,"35,462,600"
AMD,"Mar 04, 2019",23.89,24.13,23.01,23.37,23.37,"48,147,700"
AMD,"Mar 01, 2019",23.97,24.19,23.45,23.68,23.68,"48,084,000"
AMD,"Feb 28, 2019",23.21,23.67,23.11,23.53,23.53,"39,384,900"
AMD,"Feb 27, 2019",24.11,24.23,23.21,23.48,23.48,"62,649,300"
AMD,"Feb 26, 2019",24.65,24.72,24.15,24.21,24.21,"48,470,100"
AMD,"Feb 25, 2019",25.01,25.52,24.68,24.71,24.71,"63,221,000"
AMD,"Feb 22, 2019",24.05,24.36,23.88,24.36,24.36,"52,650,700"
AMD,"Feb 21, 2019",24.04,24.33,23.85,23.92,23.92,"49,608,200"
AMD,"Feb 20, 2019",24.14,24.37,23.90,23.95,23.95,"57,091,600"
AMD,"Feb 19, 2019",23.63,24.41,23.61,23.95,23.95,"57,517,900"
AMD,"Feb 15, 2019",23.58,24.05,23.20,23.68,23.68,"78,644,100"
AMD,"Feb 14, 2019",22.74,23.37,22.59,23.13,23.13,"64,441,200"
AMD,"Feb 13, 2019",22.98,23.24,22.71,22.85,22.85,"57,544,200"
AMD,"Feb 12, 2019",23.43,23.56,22.75,22.82,22.82,"67,595,400"
AMD,"Feb 11, 2019",23.05,23.28,22.66,22.96,22.96,"60,578,700"
AMD,"Feb 08, 2019",22.33,23.28,22.27,23.05,23.05,"78,129,300"
AMD,"Feb 07, 2019",22.99,23.22,22.32,22.67,22.67,"86,723,900"
AMD,"Feb 06, 2019",23.63,24.14,23.22,23.26,23.26,"78,684,300"
AMD,"Feb 05, 2019",23.42,23.86,22.98,23.31,23.31,"122,226,000"
AMD,"Feb 04, 2019",24.43,24.66,24.07,24.13,24.13,"70,843,800"
AMD,"Feb 01, 2019",24.61,24.84,24.07,24.51,24.51,"105,356,200"
AMD,"Jan 31, 2019",23.02,25.14,22.83,24.41,24.41,"182,575,600"
AMD,"Jan 30, 2019",21.49,23.13,21.37,23.09,23.09,"211,421,200"
AMD,"Jan 29, 2019",20.26,20.39,19.05,19.25,19.25,"131,202,500"
AMD,"Jan 28, 2019",20.32,21.01,20.02,20.18,20.18,"135,164,100"
AMD,"Jan 25, 2019",20.99,22.03,20.79,21.93,21.93,"110,239,500"
AMD,"Jan 24, 2019",20.06,21.01,20.04,20.85,20.85,"97,433,400"
AMD,"Jan 23, 2019",20.03,20.48,19.55,19.80,19.80,"77,811,300"
AMD,"Jan 22, 2019",20.48,20.92,19.70,19.76,19.76,"78,513,700"
AMD,"Jan 18, 2019",20.37,21.05,20.02,20.77,20.77,"88,131,000"
AMD,"Jan 17, 2019",19.49,20.51,19.02,20.25,20.25,"85,018,400"
AMD,"Jan 16, 2019",20.40,20.54,19.71,19.73,19.73,"70,849,300"
AMD,"Jan 15, 2019",20.44,20.68,20.26,20.38,20.38,"62,785,800"
AMD,"Jan 14, 2019",19.96,20.62,19.75,20.23,20.23,"71,350,200"
AMD,"Jan 11, 2019",19.47,20.35,19.19,20.27,20.27,"85,110,800"
AMD,"Jan 10, 2019",19.76,19.83,18.90,19.74,19.74,"115,629,400"
AMD,"Jan 09, 2019",20.89,21.44,20.07,20.19,20.19,"163,944,100"
AMD,"Jan 08, 2019",21.19,21.20,19.68,20.75,20.75,"121,271,000"
AMD,"Jan 07, 2019",19.44,20.68,19.00,20.57,20.57,"107,157,000"
AMD,"Jan 04, 2019",17.55,19.07,17.43,19.00,19.00,"111,878,600"
AMD,"Jan 03, 2019",18.42,18.68,16.94,17.05,17.05,"117,073,000"
AMD,"Jan 02, 2019",18.01,19.00,17.98,18.83,18.83,"87,148,700"
AMD,"Dec 31, 2018",18.15,18.51,17.85,18.46,18.46,"84,732,200"
AMD,"Dec 28, 2018",17.53,18.31,17.14,17.82,17.82,"109,214,400"
AMD,"Dec 27, 2018",17.43,17.74,16.44,17.49,17.49,"111,373,000"
AMD,"Dec 26, 2018",16.88,17.91,16.03,17.90,17.90,"108,811,800"
AMD,"Dec 24, 2018",16.52,17.22,16.37,16.65,16.65,"62,933,100"
AMD,"Dec 21, 2018",18.12,18.34,16.76,16.93,16.93,"132,246,000"
AMZN,16-May-19,"1,885.94","1,917.51","1,882.29","1,907.57","1,907.57","4,703,200"
AMZN,"May 15, 2019","1,827.95","1,874.43","1,823.00","1,871.15","1,871.15","4,692,600"
AMZN,"May 14, 2019","1,839.50","1,852.44","1,815.75","1,840.12","1,840.12","4,629,100"
AMZN,"May 13, 2019","1,836.56","1,846.54","1,818.00","1,822.68","1,822.68","5,783,400"
AMZN,"May 10, 2019","1,898.00","1,903.79","1,856.00","1,889.98","1,889.98","5,718,000"
AMZN,"May 09, 2019","1,900.00","1,909.40","1,876.00","1,899.87","1,899.87","5,308,300"
AMZN,"May 08, 2019","1,918.87","1,935.37","1,910.00","1,917.77","1,917.77","4,078,600"
AMZN,"May 07, 2019","1,939.99","1,949.10","1,903.38","1,921.00","1,921.00","5,902,100"
AMZN,"May 06, 2019","1,917.98","1,959.00","1,910.50","1,950.55","1,950.55","5,417,800"
AMZN,"May 03, 2019","1,949.00","1,964.40","1,936.00","1,962.46","1,962.46","6,381,600"
AMZN,"May 02, 2019","1,913.33","1,921.55","1,881.87","1,900.82","1,900.82","3,962,900"
AMZN,"May 01, 2019","1,933.09","1,943.64","1,910.55","1,911.52","1,911.52","3,117,000"
AMZN,"Apr 30, 2019","1,930.10","1,935.71","1,906.95","1,926.52","1,926.52","3,506,000"
AMZN,"Apr 29, 2019","1,949.00","1,956.34","1,934.09","1,938.43","1,938.43","4,021,300"
AMZN,"Apr 26, 2019","1,929.00","1,951.00","1,898.00","1,950.63","1,950.63","8,432,600"
AMZN,"Apr 25, 2019","1,917.00","1,922.45","1,900.31","1,902.25","1,902.25","6,099,100"
AMZN,"Apr 24, 2019","1,925.00","1,929.69","1,898.16","1,901.75","1,901.75","3,675,800"
AMZN,"Apr 23, 2019","1,891.20","1,929.26","1,889.58","1,923.77","1,923.77","4,640,400"
AMZN,"Apr 22, 2019","1,855.40","1,888.42","1,845.64","1,887.31","1,887.31","3,373,800"
AMZN,"Apr 18, 2019","1,868.79","1,870.82","1,859.48","1,861.69","1,861.69","2,749,900"
AMZN,"Apr 17, 2019","1,872.99","1,876.47","1,860.44","1,864.82","1,864.82","2,893,500"
AMZN,"Apr 16, 2019","1,851.35","1,869.77","1,848.00","1,863.04","1,863.04","3,044,600"
AMZN,"Apr 15, 2019","1,842.00","1,846.85","1,818.90","1,844.87","1,844.87","3,724,400"
AMZN,"Apr 12, 2019","1,848.40","1,851.50","1,841.30","1,843.06","1,843.06","3,114,400"
AMZN,"Apr 11, 2019","1,848.70","1,849.95","1,840.31","1,844.07","1,844.07","2,654,800"
AMZN,"Apr 10, 2019","1,841.00","1,848.00","1,828.81","1,847.33","1,847.33","2,964,000"
AMZN,"Apr 09, 2019","1,845.49","1,853.09","1,831.78","1,835.84","1,835.84","3,714,400"
AMZN,"Apr 08, 2019","1,833.23","1,850.20","1,825.11","1,849.86","1,849.86","3,752,800"
AMZN,"Apr 05, 2019","1,829.00","1,838.58","1,825.19","1,837.28","1,837.28","3,640,500"
AMZN,"Apr 04, 2019","1,820.65","1,828.75","1,804.20","1,818.86","1,818.86","3,623,900"
AMZN,"Apr 03, 2019","1,826.72","1,830.00","1,809.62","1,820.70","1,820.70","3,980,600"
AMZN,"Apr 02, 2019","1,811.02","1,820.00","1,805.12","1,813.98","1,813.98","3,448,100"
AMZN,"Apr 01, 2019","1,800.11","1,815.67","1,798.73","1,814.19","1,814.19","4,238,800"
AMZN,"Mar 29, 2019","1,786.58","1,792.86","1,776.63","1,780.75","1,780.75","3,320,800"
AMZN,"Mar 28, 2019","1,770.00","1,777.93","1,753.47","1,773.42","1,773.42","3,043,000"
AMZN,"Mar 27, 2019","1,784.13","1,787.50","1,745.68","1,765.70","1,765.70","4,324,800"
AMZN,"Mar 26, 2019","1,793.00","1,805.77","1,773.36","1,783.76","1,783.76","4,865,900"
AMZN,"Mar 25, 2019","1,757.79","1,782.68","1,747.50","1,774.26","1,774.26","5,103,800"
AMZN,"Mar 22, 2019","1,810.17","1,818.98","1,763.11","1,764.77","1,764.77","6,363,000"
AMZN,"Mar 21, 2019","1,796.26","1,823.75","1,787.28","1,819.26","1,819.26","5,767,800"
AMZN,"Mar 20, 2019","1,769.94","1,799.50","1,767.03","1,797.27","1,797.27","6,265,600"
AMZN,"Mar 19, 2019","1,753.51","1,784.16","1,753.51","1,761.85","1,761.85","6,364,200"
AMZN,"Mar 18, 2019","1,712.70","1,750.00","1,712.63","1,742.15","1,742.15","5,429,100"
AMZN,"Mar 15, 2019","1,703.00","1,718.80","1,693.13","1,712.36","1,712.36","7,550,900"
AMZN,"Mar 14, 2019","1,691.20","1,702.00","1,684.34","1,686.22","1,686.22","2,946,600"
AMZN,"Mar 13, 2019","1,683.00","1,700.00","1,679.35","1,690.81","1,690.81","3,552,000"
AMZN,"Mar 12, 2019","1,669.00","1,684.27","1,660.98","1,673.10","1,673.10","3,614,500"
AMZN,"Mar 11, 2019","1,626.12","1,672.29","1,626.01","1,670.62","1,670.62","3,876,400"
AMZN,"Mar 08, 2019","1,604.01","1,622.72","1,586.57","1,620.80","1,620.80","4,667,000"
AMZN,"Mar 07, 2019","1,667.37","1,669.75","1,620.51","1,625.95","1,625.95","4,948,100"
AMZN,"Mar 06, 2019","1,695.97","1,697.75","1,668.28","1,668.95","1,668.95","3,996,000"
AMZN,"Mar 05, 2019","1,702.95","1,707.80","1,689.01","1,692.43","1,692.43","3,681,500"
AMZN,"Mar 04, 2019","1,685.00","1,709.43","1,674.36","1,696.17","1,696.17","6,167,400"
AMZN,"Mar 01, 2019","1,655.13","1,674.26","1,651.00","1,671.73","1,671.73","4,974,900"
AMZN,"Feb 28, 2019","1,635.25","1,651.77","1,633.83","1,639.83","1,639.83","3,025,900"
AMZN,"Feb 27, 2019","1,628.18","1,641.81","1,615.10","1,641.09","1,641.09","3,148,800"
AMZN,"Feb 26, 2019","1,625.98","1,639.99","1,616.13","1,636.40","1,636.40","2,665,800"
AMZN,"Feb 25, 2019","1,641.45","1,654.60","1,630.39","1,633.00","1,633.00","3,184,500"
AMZN,"Feb 22, 2019","1,623.50","1,634.94","1,621.17","1,631.56","1,631.56","3,096,200"
AMZN,"Feb 21, 2019","1,619.85","1,623.56","1,600.91","1,619.44","1,619.44","3,483,400"
AMZN,"Feb 20, 2019","1,630.00","1,634.93","1,610.12","1,622.10","1,622.10","3,337,600"
AMZN,"Feb 19, 2019","1,601.00","1,634.00","1,600.56","1,627.58","1,627.58","3,681,700"
AMZN,"Feb 15, 2019","1,627.86","1,628.91","1,604.50","1,607.95","1,607.95","4,343,900"
AMZN,"Feb 14, 2019","1,624.50","1,637.90","1,606.06","1,622.65","1,622.65","4,120,500"
AMZN,"Feb 13, 2019","1,647.00","1,656.38","1,637.11","1,640.00","1,640.00","3,560,300"
AMZN,"Feb 12, 2019","1,604.00","1,639.40","1,598.88","1,638.01","1,638.01","4,858,600"
AMZN,"Feb 11, 2019","1,600.98","1,609.29","1,586.00","1,591.00","1,591.00","3,317,300"
AMZN,"Feb 08, 2019","1,586.00","1,588.59","1,566.76","1,588.22","1,588.22","5,657,500"
AMZN,"Feb 07, 2019","1,625.00","1,625.54","1,592.91","1,614.37","1,614.37","4,626,600"
AMZN,"Feb 06, 2019","1,670.75","1,672.26","1,633.34","1,640.26","1,640.26","3,939,900"
AMZN,"Feb 05, 2019","1,643.34","1,665.26","1,642.50","1,658.81","1,658.81","4,453,100"
AMZN,"Feb 04, 2019","1,623.00","1,649.63","1,613.50","1,633.31","1,633.31","4,929,100"
AMZN,"Feb 01, 2019","1,638.88","1,673.06","1,622.01","1,626.23","1,626.23","11,506,200"
AMZN,"Jan 31, 2019","1,692.85","1,736.41","1,679.08","1,718.73","1,718.73","10,910,300"
AMZN,"Jan 30, 2019","1,623.00","1,676.95","1,619.68","1,670.43","1,670.43","5,783,800"
AMZN,"Jan 29, 2019","1,631.27","1,632.38","1,590.72","1,593.88","1,593.88","4,632,800"
AMZN,"Jan 28, 2019","1,643.59","1,645.00","1,614.09","1,637.89","1,637.89","4,837,700"
AMZN,"Jan 25, 2019","1,670.50","1,683.48","1,661.61","1,670.57","1,670.57","4,945,900"
AMZN,"Jan 24, 2019","1,641.07","1,657.26","1,631.78","1,654.93","1,654.93","4,089,900"
AMZN,"Jan 23, 2019","1,656.00","1,657.43","1,612.00","1,640.02","1,640.02","5,225,200"
AMZN,"Jan 22, 2019","1,681.00","1,681.87","1,610.20","1,632.17","1,632.17","6,416,800"
AMZN,"Jan 18, 2019","1,712.00","1,716.20","1,691.54","1,696.20","1,696.20","6,020,500"
AMZN,"Jan 17, 2019","1,680.00","1,700.17","1,677.50","1,693.22","1,693.22","4,208,900"
AMZN,"Jan 16, 2019","1,684.22","1,705.00","1,675.88","1,683.78","1,683.78","6,366,900"
AMZN,"Jan 15, 2019","1,632.00","1,675.16","1,626.01","1,674.56","1,674.56","5,998,500"
AMZN,"Jan 14, 2019","1,615.00","1,648.20","1,595.15","1,617.21","1,617.21","6,005,900"
AMZN,"Jan 11, 2019","1,640.55","1,660.29","1,636.22","1,640.56","1,640.56","4,686,200"
AMZN,"Jan 10, 2019","1,641.01","1,663.25","1,621.62","1,656.22","1,656.22","6,507,700"
AMZN,"Jan 09, 2019","1,652.98","1,667.80","1,641.40","1,659.42","1,659.42","6,348,800"
AMZN,"Jan 08, 2019","1,664.69","1,676.61","1,616.61","1,656.58","1,656.58","8,881,400"
AMZN,"Jan 07, 2019","1,602.31","1,634.56","1,589.19","1,629.51","1,629.51","7,993,200"
AMZN,"Jan 04, 2019","1,530.00","1,594.00","1,518.31","1,575.39","1,575.39","9,182,600"
AMZN,"Jan 03, 2019","1,520.01","1,538.00","1,497.11","1,500.28","1,500.28","6,953,200"
AMZN,"Jan 02, 2019","1,465.20","1,553.36","1,460.93","1,539.13","1,539.13","7,983,100"
AMZN,"Dec 31, 2018","1,510.80","1,520.76","1,487.00","1,501.97","1,501.97","6,954,500"
AMZN,"Dec 28, 2018","1,473.35","1,513.47","1,449.00","1,478.02","1,478.02","8,829,000"
AMZN,"Dec 27, 2018","1,454.20","1,469.00","1,390.31","1,461.64","1,461.64","9,722,000"
AMZN,"Dec 26, 2018","1,368.89","1,473.16","1,363.01","1,470.90","1,470.90","10,411,800"
AMZN,"Dec 24, 2018","1,346.00","1,396.03","1,307.00","1,343.96","1,343.96","7,220,000"
AMZN,"Dec 21, 2018","1,464.99","1,480.00","1,363.96","1,377.45","1,377.45","13,640,300"
BHGE,16-May-19,22.80,23.00,22.59,22.98,22.98,"3,052,500"
BHGE,"May 15, 2019",22.02,22.82,21.92,22.74,22.74,"2,678,900"
BHGE,"May 14, 2019",21.97,22.46,21.97,22.28,22.28,"3,404,000"
BHGE,"May 13, 2019",22.01,22.09,21.31,21.74,21.74,"4,444,100"
BHGE,"May 10, 2019",22.52,22.57,22.04,22.32,22.32,"3,950,600"
BHGE,"May 09, 2019",22.76,22.77,22.17,22.61,22.61,"6,478,600"
BHGE,"May 08, 2019",23.25,23.40,22.88,22.95,22.95,"3,673,900"
BHGE,"May 07, 2019",23.60,23.64,23.01,23.21,23.21,"2,857,100"
BHGE,"May 06, 2019",23.81,24.24,23.70,23.94,23.94,"3,463,100"
BHGE,"May 03, 2019",23.80,24.28,23.76,24.13,24.13,"4,917,100"
BHGE,"May 02, 2019",23.41,23.82,23.18,23.52,23.52,"4,682,400"
BHGE,"May 01, 2019",23.95,24.34,23.42,23.55,23.55,"7,400,400"
BHGE,"Apr 30, 2019",25.64,25.81,23.75,24.02,24.02,"10,785,700"
BHGE,"Apr 29, 2019",25.48,26.05,25.46,25.97,25.97,"3,722,000"
BHGE,"Apr 26, 2019",25.32,25.78,25.15,25.58,25.58,"3,062,900"
BHGE,"Apr 25, 2019",25.60,25.91,25.44,25.57,25.57,"4,365,800"
BHGE,"Apr 24, 2019",26.08,26.24,25.58,25.61,25.61,"3,725,300"
BHGE,"Apr 23, 2019",26.60,26.93,25.81,25.97,25.97,"7,332,300"
BHGE,"Apr 22, 2019",25.81,26.68,25.65,26.60,26.60,"4,087,700"
BHGE,"Apr 18, 2019",25.87,26.05,25.44,25.60,25.60,"2,879,400"
BHGE,"Apr 17, 2019",25.98,26.28,25.57,25.78,25.78,"3,486,900"
BHGE,"Apr 16, 2019",26.05,26.14,25.61,25.84,25.84,"4,412,300"
BHGE,"Apr 15, 2019",26.25,26.44,25.92,25.95,25.95,"2,892,500"
BHGE,"Apr 12, 2019",27.07,27.13,26.33,26.38,26.38,"4,508,600"
BHGE,"Apr 11, 2019",26.84,26.99,26.39,26.66,26.66,"2,695,500"
BHGE,"Apr 10, 2019",26.81,26.98,26.68,26.87,26.87,"3,018,900"
BHGE,"Apr 09, 2019",26.69,26.83,26.38,26.68,26.68,"4,457,700"
BHGE,"Apr 08, 2019",26.85,27.27,26.49,26.82,26.82,"4,881,700"
BHGE,"Apr 05, 2019",26.83,27.14,26.65,26.78,26.78,"3,982,600"
BHGE,"Apr 04, 2019",26.56,26.78,26.18,26.77,26.77,"4,255,900"
BHGE,"Apr 03, 2019",27.18,27.44,26.25,26.47,26.47,"5,338,000"
BHGE,"Apr 02, 2019",27.86,27.93,26.84,26.99,26.99,"5,730,000"
BHGE,"Apr 01, 2019",27.92,28.15,27.64,27.84,27.84,"4,567,200"
BHGE,"Mar 29, 2019",27.48,27.82,27.32,27.72,27.72,"7,450,800"
BHGE,"Mar 28, 2019",27.16,27.45,26.87,27.16,27.16,"3,084,900"
BHGE,"Mar 27, 2019",27.69,27.88,27.11,27.28,27.28,"2,487,800"
BHGE,"Mar 26, 2019",27.68,28.11,27.34,27.68,27.68,"2,738,100"
BHGE,"Mar 25, 2019",26.95,27.47,26.89,27.43,27.43,"2,448,300"
BHGE,"Mar 22, 2019",28.27,28.32,27.15,27.16,27.16,"4,306,300"
BHGE,"Mar 21, 2019",28.17,28.65,27.96,28.46,28.46,"3,163,700"
BHGE,"Mar 20, 2019",27.84,28.48,27.63,28.25,28.25,"4,939,700"
BHGE,"Mar 19, 2019",28.46,28.61,27.66,27.82,27.82,"4,848,400"
BHGE,"Mar 18, 2019",28.01,28.41,28.01,28.18,28.18,"4,398,000"
BHGE,"Mar 15, 2019",27.56,28.03,27.56,27.85,27.85,"9,978,700"
BHGE,"Mar 14, 2019",27.28,27.79,27.25,27.71,27.71,"5,624,200"
BHGE,"Mar 13, 2019",27.08,27.37,26.96,27.25,27.25,"3,097,600"
BHGE,"Mar 12, 2019",26.65,26.91,26.57,26.82,26.82,"3,879,400"
BHGE,"Mar 11, 2019",26.08,26.78,26.03,26.50,26.50,"4,563,000"
BHGE,"Mar 08, 2019",25.64,25.79,25.22,25.73,25.73,"3,554,700"
BHGE,"Mar 07, 2019",26.29,26.36,25.75,26.05,26.05,"3,988,700"
BHGE,"Mar 06, 2019",27.03,27.03,26.18,26.31,26.31,"4,412,400"
BHGE,"Mar 05, 2019",27.15,27.18,26.76,27.11,27.11,"4,287,700"
BHGE,"Mar 04, 2019",27.28,27.51,26.73,27.09,27.09,"4,308,300"
BHGE,"Mar 01, 2019",26.58,27.13,26.53,27.10,27.10,"4,128,500"
BHGE,"Feb 28, 2019",26.76,26.80,26.16,26.38,26.38,"4,311,600"
BHGE,"Feb 27, 2019",26.80,26.89,26.53,26.67,26.67,"2,526,600"
BHGE,"Feb 26, 2019",26.78,27.09,26.44,26.75,26.75,"4,086,700"
BHGE,"Feb 25, 2019",26.26,26.92,26.18,26.75,26.75,"3,393,000"
BHGE,"Feb 22, 2019",26.49,26.56,26.21,26.35,26.35,"3,507,200"
BHGE,"Feb 21, 2019",26.67,26.67,26.12,26.27,26.27,"4,052,300"
BHGE,"Feb 20, 2019",26.13,26.98,26.13,26.58,26.58,"4,672,700"
BHGE,"Feb 19, 2019",25.69,26.14,25.55,26.09,26.09,"2,939,700"
BHGE,"Feb 15, 2019",25.89,26.03,25.68,25.83,25.83,"4,119,200"
BHGE,"Feb 14, 2019",25.00,25.75,24.98,25.64,25.64,"6,223,600"
BHGE,"Feb 13, 2019",24.76,25.57,24.71,25.13,25.13,"4,004,400"
BHGE,"Feb 12, 2019",25.12,25.30,24.58,24.74,24.74,"6,388,400"
BHGE,"Feb 11, 2019",24.42,24.94,24.33,24.82,24.82,"3,831,100"
BHGE,"Feb 08, 2019",24.28,24.69,24.18,24.61,24.61,"4,403,700"
BHGE,"Feb 07, 2019",24.69,25.04,23.86,24.39,24.39,"5,052,300"
BHGE,"Feb 06, 2019",25.02,25.37,24.86,24.88,24.88,"4,800,900"
BHGE,"Feb 05, 2019",24.56,25.20,24.55,25.03,25.03,"6,189,200"
BHGE,"Feb 04, 2019",24.27,25.01,23.96,24.58,24.58,"6,067,000"
BHGE,"Feb 01, 2019",23.52,24.59,23.38,24.35,24.35,"4,559,400"
BHGE,"Jan 31, 2019",24.07,24.96,23.44,23.57,23.39,"9,064,600"
BHGE,"Jan 30, 2019",23.28,24.16,23.18,23.94,23.76,"4,274,900"
BHGE,"Jan 29, 2019",23.21,23.36,23.02,23.16,22.98,"3,365,200"
BHGE,"Jan 28, 2019",23.28,23.28,22.62,22.98,22.80,"4,181,100"
BHGE,"Jan 25, 2019",23.31,23.66,22.98,23.49,23.31,"6,687,200"
BHGE,"Jan 24, 2019",22.84,23.36,22.79,23.04,22.86,"4,706,600"
BHGE,"Jan 23, 2019",23.76,23.90,22.94,22.98,22.80,"4,654,900"
BHGE,"Jan 22, 2019",23.87,24.02,23.49,23.77,23.59,"5,088,900"
BHGE,"Jan 18, 2019",23.98,24.36,23.73,24.12,23.94,"4,566,700"
BHGE,"Jan 17, 2019",22.91,23.71,22.77,23.65,23.47,"3,884,300"
BHGE,"Jan 16, 2019",22.93,23.28,22.78,23.15,22.97,"4,029,200"
BHGE,"Jan 15, 2019",23.36,23.65,22.95,23.02,22.84,"3,370,700"
BHGE,"Jan 14, 2019",22.86,23.36,22.69,23.24,23.06,"4,804,100"
BHGE,"Jan 11, 2019",23.14,23.25,22.70,23.10,22.92,"4,876,100"
BHGE,"Jan 10, 2019",23.02,23.77,22.93,23.35,23.17,"5,316,500"
BHGE,"Jan 09, 2019",23.50,23.78,23.17,23.17,22.99,"5,217,000"
BHGE,"Jan 08, 2019",22.83,23.27,22.64,23.21,23.03,"4,959,100"
BHGE,"Jan 07, 2019",21.94,22.75,21.82,22.55,22.38,"4,740,000"
BHGE,"Jan 04, 2019",21.34,22.12,21.27,21.96,21.79,"5,040,400"
BHGE,"Jan 03, 2019",21.09,21.35,20.54,20.91,20.75,"6,672,900"
BHGE,"Jan 02, 2019",21.19,21.63,20.84,21.05,20.89,"7,150,000"
BHGE,"Dec 31, 2018",21.57,21.58,21.01,21.50,21.34,"3,802,100"
BHGE,"Dec 28, 2018",21.63,22.12,21.15,21.44,21.28,"4,525,200"
BHGE,"Dec 27, 2018",21.05,21.49,20.41,21.48,21.32,"6,581,000"
BHGE,"Dec 26, 2018",20.60,21.52,20.09,21.52,21.36,"4,106,300"
BHGE,"Dec 24, 2018",20.74,21.24,20.46,20.48,20.32,"2,644,100"
CHTR,16-May-19,378.19,384.00,378.19,382.19,382.19,"981,800"
CHTR,"May 15, 2019",370.38,378.34,368.92,377.19,377.19,"935,200"
CHTR,"May 14, 2019",369.38,376.66,368.78,373.15,373.15,"846,500"
CHTR,"May 13, 2019",372.31,375.54,367.35,368.89,368.89,"1,094,700"
CHTR,"May 10, 2019",372.37,378.30,369.80,377.89,377.89,"594,000"
CHTR,"May 09, 2019",369.46,375.32,368.33,374.33,374.33,"733,600"
CHTR,"May 08, 2019",374.64,375.51,370.14,372.32,372.32,"787,700"
CHTR,"May 07, 2019",372.31,375.31,368.20,374.74,374.74,"896,700"
CHTR,"May 06, 2019",372.67,376.97,372.58,376.28,376.28,"1,059,900"
CHTR,"May 03, 2019",372.12,377.93,369.61,377.68,377.68,"917,100"
CHTR,"May 02, 2019",370.97,371.63,365.90,370.41,370.41,"678,200"
CHTR,"May 01, 2019",373.13,378.36,370.72,371.04,371.04,"1,079,100"
CHTR,"Apr 30, 2019",371.44,375.00,368.37,371.19,371.19,"1,322,600"
CHTR,"Apr 29, 2019",370.00,371.63,368.58,370.97,370.97,"924,500"
CHTR,"Apr 26, 2019",368.19,370.33,364.69,370.15,370.15,"782,400"
CHTR,"Apr 25, 2019",357.91,368.78,357.32,366.76,366.76,"1,190,900"
CHTR,"Apr 24, 2019",358.04,361.99,355.28,360.50,360.50,"817,100"
CHTR,"Apr 23, 2019",356.50,361.32,355.33,358.63,358.63,"762,400"
CHTR,"Apr 22, 2019",358.54,359.91,356.46,358.05,358.05,"610,300"
CHTR,"Apr 18, 2019",367.20,367.20,356.79,359.37,359.37,"640,800"
CHTR,"Apr 17, 2019",360.00,362.25,358.51,361.69,361.69,"842,100"
CHTR,"Apr 16, 2019",359.01,359.67,356.97,358.05,358.05,"472,400"
CHTR,"Apr 15, 2019",356.59,358.38,355.52,357.34,357.34,"749,600"
CHTR,"Apr 12, 2019",355.89,356.95,354.00,356.05,356.05,"734,000"
CHTR,"Apr 11, 2019",356.35,356.59,353.25,355.25,355.25,"689,100"
CHTR,"Apr 10, 2019",353.48,355.47,353.04,354.35,354.35,"574,000"
CHTR,"Apr 09, 2019",351.89,355.56,350.54,354.56,354.56,"808,800"
CHTR,"Apr 08, 2019",350.53,355.12,350.53,354.14,354.14,"830,900"
CHTR,"Apr 05, 2019",345.79,352.20,344.99,351.44,351.44,"1,247,200"
CHTR,"Apr 04, 2019",346.25,347.00,343.95,345.72,345.72,"1,214,700"
CHTR,"Apr 03, 2019",348.66,349.10,343.15,345.37,345.37,"1,195,900"
CHTR,"Apr 02, 2019",346.75,347.51,344.36,346.63,346.63,"1,233,100"
CHTR,"Apr 01, 2019",349.81,350.60,343.70,346.22,346.22,"1,153,100"
CHTR,"Mar 29, 2019",352.12,354.60,345.67,346.91,346.91,"1,410,800"
CHTR,"Mar 28, 2019",356.17,358.61,352.22,352.87,352.87,"834,200"
CHTR,"Mar 27, 2019",356.39,360.26,354.77,355.51,355.51,"1,372,200"
CHTR,"Mar 26, 2019",356.80,358.72,354.59,356.03,356.03,"1,150,200"
CHTR,"Mar 25, 2019",360.75,362.51,355.77,356.84,356.84,"1,365,600"
CHTR,"Mar 22, 2019",365.70,366.49,360.38,360.78,360.78,"5,241,900"
CHTR,"Mar 21, 2019",361.80,368.02,360.85,366.27,366.27,"1,100,000"
CHTR,"Mar 20, 2019",360.58,365.64,358.69,362.44,362.44,"1,194,700"
CHTR,"Mar 19, 2019",359.48,363.25,357.55,360.45,360.45,"1,205,500"
CHTR,"Mar 18, 2019",356.52,359.72,355.47,357.35,357.35,"1,086,100"
CHTR,"Mar 15, 2019",352.36,356.90,350.85,355.92,355.92,"2,486,500"
CHTR,"Mar 14, 2019",348.97,354.47,346.22,352.71,352.71,"1,131,300"
CHTR,"Mar 13, 2019",343.99,350.06,342.52,348.13,348.13,"1,916,400"
CHTR,"Mar 12, 2019",342.40,342.66,339.70,342.51,342.51,"1,572,400"
CHTR,"Mar 11, 2019",337.69,341.88,336.04,341.08,341.08,"1,401,900"
CHTR,"Mar 08, 2019",337.40,339.78,335.53,337.54,337.54,"701,500"
CHTR,"Mar 07, 2019",339.81,341.67,337.01,340.03,340.03,"842,100"
CHTR,"Mar 06, 2019",344.78,344.78,339.75,340.56,340.56,"990,100"
CHTR,"Mar 05, 2019",345.22,346.99,337.04,343.75,343.75,"1,000,900"
CHTR,"Mar 04, 2019",348.88,349.84,343.55,346.10,346.10,"1,386,700"
CHTR,"Mar 01, 2019",347.52,347.52,344.96,346.58,346.58,"1,219,000"
CHTR,"Feb 28, 2019",345.16,347.43,344.31,344.91,344.91,"1,035,000"
CHTR,"Feb 27, 2019",344.59,345.85,342.91,345.03,345.03,"1,354,700"
CHTR,"Feb 26, 2019",348.83,348.83,345.56,346.32,346.32,"1,118,100"
CHTR,"Feb 25, 2019",352.34,353.75,347.88,348.90,348.90,"1,094,400"
CHTR,"Feb 22, 2019",350.92,353.50,348.76,350.08,350.08,"1,261,600"
CHTR,"Feb 21, 2019",348.28,350.28,343.85,349.54,349.54,"933,700"
CHTR,"Feb 20, 2019",349.30,351.39,347.86,349.76,349.76,"2,112,300"
CHTR,"Feb 19, 2019",347.67,350.78,347.01,348.43,348.43,"1,231,300"
CHTR,"Feb 15, 2019",344.69,349.77,341.92,349.06,349.06,"1,132,000"
CHTR,"Feb 14, 2019",336.36,343.27,335.22,341.60,341.60,"863,300"
CHTR,"Feb 13, 2019",340.60,343.32,336.38,338.49,338.49,"1,124,200"
CHTR,"Feb 12, 2019",341.04,342.00,339.11,340.40,340.40,"977,800"
CHTR,"Feb 11, 2019",343.32,344.72,335.71,337.82,337.82,"1,251,600"
CHTR,"Feb 08, 2019",341.36,344.64,338.87,344.16,344.16,"809,300"
CHTR,"Feb 07, 2019",340.18,344.65,337.72,344.51,344.51,"1,190,900"
CHTR,"Feb 06, 2019",340.00,343.79,338.91,343.51,343.51,"1,217,000"
CHTR,"Feb 05, 2019",337.71,341.00,332.77,340.70,340.70,"1,498,500"
CHTR,"Feb 04, 2019",338.65,343.90,336.39,337.00,337.00,"1,224,800"
CHTR,"Feb 01, 2019",331.87,343.14,330.92,340.95,340.95,"1,998,500"
CHTR,"Jan 31, 2019",320.01,338.31,319.30,331.05,331.05,"5,176,000"
CHTR,"Jan 30, 2019",289.57,293.10,288.00,289.91,289.91,"1,725,800"
CHTR,"Jan 29, 2019",290.70,292.97,287.58,289.78,289.78,"782,200"
CHTR,"Jan 28, 2019",289.38,291.73,287.31,290.86,290.86,"1,136,600"
CHTR,"Jan 25, 2019",290.00,291.61,286.80,291.41,291.41,"1,323,200"
CHTR,"Jan 24, 2019",281.07,288.00,281.07,287.58,287.58,"1,439,400"
CHTR,"Jan 23, 2019",287.36,291.35,279.33,284.53,284.53,"1,593,500"
CHTR,"Jan 22, 2019",288.66,290.92,283.02,284.97,284.97,"2,404,100"
CHTR,"Jan 18, 2019",297.24,297.24,289.57,291.40,291.40,"1,617,600"
CHTR,"Jan 17, 2019",292.32,295.60,290.76,294.41,294.41,"841,400"
CHTR,"Jan 16, 2019",293.19,295.83,290.94,293.81,293.81,"1,005,300"
CHTR,"Jan 15, 2019",291.67,294.12,290.50,294.00,294.00,"1,152,400"
CHTR,"Jan 14, 2019",292.99,298.20,290.76,291.56,291.56,"1,219,500"
CHTR,"Jan 11, 2019",291.02,295.03,290.83,294.54,294.54,"906,800"
CHTR,"Jan 10, 2019",295.47,297.10,291.01,292.67,292.67,"1,701,100"
CHTR,"Jan 09, 2019",301.93,301.94,295.50,297.64,297.64,"1,241,400"
CHTR,"Jan 08, 2019",300.40,305.72,300.12,300.71,300.71,"1,051,100"
CHTR,"Jan 07, 2019",301.13,304.11,299.26,301.47,301.47,"1,308,400"
CHTR,"Jan 04, 2019",291.11,305.12,288.62,302.74,302.74,"2,336,600"
CHTR,"Jan 03, 2019",284.62,294.00,284.62,287.50,287.50,"1,175,400"
CHTR,"Jan 02, 2019",279.89,289.52,279.11,287.99,287.99,"1,296,300"
CHTR,"Dec 31, 2018",286.73,287.94,280.75,284.97,284.97,"1,075,300"
CHTR,"Dec 28, 2018",287.70,290.52,274.71,285.08,285.08,"1,035,400"
CHTR,"Dec 27, 2018",281.78,284.75,274.08,284.73,284.73,"1,242,500"
CHTR,"Dec 26, 2018",275.34,285.85,272.91,285.70,285.70,"1,359,800"
CHTR,"Dec 24, 2018",283.69,284.98,273.31,273.52,273.52,"1,009,000"
CHTR,"Dec 21, 2018",287.98,296.44,282.73,283.93,283.93,"3,593,100"
CRM,16-May-19,156.76,159.45,155.90,158.48,158.48,"5,046,100"
CRM,"May 15, 2019",153.82,156.38,151.70,155.06,155.06,"7,783,800"
CRM,"May 14, 2019",155.05,158.59,152.92,158.07,158.07,"4,954,000"
CRM,"May 13, 2019",154.92,156.90,152.78,153.15,153.15,"5,694,600"
CRM,"May 10, 2019",156.28,160.61,154.38,159.94,159.94,"4,462,200"
CRM,"May 09, 2019",154.65,157.10,152.39,156.31,156.31,"5,809,300"
CRM,"May 08, 2019",157.11,157.93,155.04,156.86,156.86,"4,061,300"
CRM,"May 07, 2019",161.33,161.67,154.75,156.90,156.90,"6,541,900"
CRM,"May 06, 2019",158.62,162.84,157.86,162.50,162.50,"2,520,600"
CRM,"May 03, 2019",162.58,163.50,160.86,163.34,163.34,"3,131,000"
CRM,"May 02, 2019",161.69,162.70,159.63,161.83,161.83,"3,181,100"
CRM,"May 01, 2019",166.01,166.22,162.14,162.15,162.15,"2,707,700"
CRM,"Apr 30, 2019",165.19,166.44,163.62,165.35,165.35,"3,581,800"
CRM,"Apr 29, 2019",166.71,167.56,165.33,165.36,165.36,"4,509,700"
CRM,"Apr 26, 2019",162.42,166.06,161.28,165.96,165.96,"3,342,900"
CRM,"Apr 25, 2019",162.00,163.89,161.00,163.09,163.09,"5,498,400"
CRM,"Apr 24, 2019",161.88,162.49,159.40,159.56,159.56,"3,384,900"
CRM,"Apr 23, 2019",159.76,161.40,158.41,161.23,161.23,"3,418,400"
CRM,"Apr 22, 2019",155.45,159.14,155.28,158.76,158.76,"2,943,300"
CRM,"Apr 18, 2019",154.90,156.21,153.17,155.99,155.99,"4,391,500"
CRM,"Apr 17, 2019",159.05,159.05,155.07,155.34,155.34,"4,765,500"
CRM,"Apr 16, 2019",160.04,160.26,157.75,158.69,158.69,"3,004,800"
CRM,"Apr 15, 2019",161.00,162.03,159.49,160.09,160.09,"2,608,400"
CRM,"Apr 12, 2019",162.00,162.50,159.50,160.71,160.71,"2,844,200"
CRM,"Apr 11, 2019",160.16,160.83,159.02,160.73,160.73,"2,578,400"
CRM,"Apr 10, 2019",158.20,160.38,157.65,160.24,160.24,"3,414,700"
CRM,"Apr 09, 2019",157.04,158.35,156.65,156.97,156.97,"5,642,900"
CRM,"Apr 08, 2019",158.40,158.79,156.45,158.47,158.47,"2,848,400"
CRM,"Apr 05, 2019",159.63,160.24,158.02,158.56,158.56,"4,315,300"
CRM,"Apr 04, 2019",162.71,162.80,155.83,158.52,158.52,"6,295,200"
CRM,"Apr 03, 2019",161.78,163.14,160.65,162.62,162.62,"3,819,800"
CRM,"Apr 02, 2019",160.86,160.99,158.91,160.51,160.51,"3,158,400"
CRM,"Apr 01, 2019",160.10,161.68,158.51,161.18,161.18,"4,601,100"
CRM,"Mar 29, 2019",156.87,158.50,155.43,158.37,158.37,"4,913,100"
CRM,"Mar 28, 2019",155.69,156.48,153.51,155.18,155.18,"4,424,800"
CRM,"Mar 27, 2019",159.00,159.30,152.37,155.12,155.12,"8,218,700"
CRM,"Mar 26, 2019",161.43,162.07,157.39,159.40,159.40,"6,910,300"
CRM,"Mar 25, 2019",160.23,161.60,159.22,160.88,160.88,"3,795,400"
CRM,"Mar 22, 2019",165.96,166.49,161.35,161.50,161.50,"5,614,300"
CRM,"Mar 21, 2019",163.17,166.99,162.75,166.95,166.95,"4,277,800"
CRM,"Mar 20, 2019",163.84,164.95,161.51,163.51,163.51,"4,391,000"
CRM,"Mar 19, 2019",162.52,164.62,161.60,163.93,163.93,"4,379,000"
CRM,"Mar 18, 2019",161.40,163.33,160.88,161.95,161.95,"3,575,500"
CRM,"Mar 15, 2019",160.64,162.18,159.19,161.51,161.51,"6,743,700"
CRM,"Mar 14, 2019",160.95,161.59,159.74,160.67,160.67,"3,247,200"
CRM,"Mar 13, 2019",158.85,162.00,158.61,159.81,159.81,"5,230,600"
CRM,"Mar 12, 2019",158.00,159.37,157.16,158.28,158.28,"4,082,100"
CRM,"Mar 11, 2019",155.90,157.77,153.43,157.65,157.65,"5,699,500"
CRM,"Mar 08, 2019",152.02,155.41,150.25,155.06,155.06,"4,800,700"
CRM,"Mar 07, 2019",156.09,157.59,154.81,155.60,155.60,"6,907,100"
CRM,"Mar 06, 2019",157.13,160.25,156.28,156.79,156.79,"7,436,300"
CRM,"Mar 05, 2019",159.92,160.88,154.80,156.97,156.97,"16,042,900"
CRM,"Mar 04, 2019",165.56,165.79,155.42,158.50,158.50,"17,886,300"
CRM,"Mar 01, 2019",165.15,166.15,161.75,164.53,164.53,"6,919,900"
CRM,"Feb 28, 2019",163.00,164.60,162.17,163.65,163.65,"6,908,100"
CRM,"Feb 27, 2019",162.29,163.53,160.50,163.12,163.12,"4,278,300"
CRM,"Feb 26, 2019",160.81,163.38,159.87,163.00,163.00,"4,496,300"
CRM,"Feb 25, 2019",162.51,163.06,160.93,161.36,161.36,"5,076,700"
CRM,"Feb 22, 2019",160.47,161.71,160.20,161.31,161.31,"4,175,000"
CRM,"Feb 21, 2019",157.70,160.48,157.30,159.63,159.63,"4,463,000"
CRM,"Feb 20, 2019",160.33,161.49,157.21,158.54,158.54,"7,047,200"
CRM,"Feb 19, 2019",159.66,161.48,159.14,160.61,160.61,"3,883,200"
CRM,"Feb 15, 2019",160.99,161.22,158.09,159.05,159.05,"5,282,000"
CRM,"Feb 14, 2019",159.47,160.44,156.71,159.47,159.47,"5,061,100"
CRM,"Feb 13, 2019",163.44,163.57,160.27,160.40,160.40,"5,296,000"
CRM,"Feb 12, 2019",161.25,163.39,160.03,162.79,162.79,"5,631,700"
CRM,"Feb 11, 2019",158.20,161.50,157.57,159.91,159.91,"7,125,500"
CRM,"Feb 08, 2019",152.91,156.70,152.71,156.67,156.67,"3,018,700"
CRM,"Feb 07, 2019",155.96,157.06,153.36,154.93,154.93,"4,545,500"
CRM,"Feb 06, 2019",159.00,159.10,155.08,158.13,158.13,"4,205,100"
CRM,"Feb 05, 2019",158.34,159.88,157.82,158.99,158.99,"4,575,600"
CRM,"Feb 04, 2019",156.02,158.90,155.41,157.72,157.72,"5,264,700"
CRM,"Feb 01, 2019",152.40,155.95,151.07,155.87,155.87,"5,959,200"
CRM,"Jan 31, 2019",149.02,153.38,148.71,151.97,151.97,"8,615,900"
CRM,"Jan 30, 2019",147.19,149.69,146.08,149.16,149.16,"4,653,400"
CRM,"Jan 29, 2019",147.07,148.00,144.64,145.18,145.18,"3,915,100"
CRM,"Jan 28, 2019",148.17,148.20,146.10,147.33,147.33,"4,054,700"
CRM,"Jan 25, 2019",148.53,149.89,147.55,149.74,149.74,"4,600,800"
CRM,"Jan 24, 2019",149.95,150.50,146.52,146.87,146.87,"6,734,700"
CRM,"Jan 23, 2019",149.73,150.80,147.65,149.75,149.75,"3,335,400"
CRM,"Jan 22, 2019",150.34,151.38,147.40,148.95,148.95,"5,203,300"
CRM,"Jan 18, 2019",151.83,153.27,150.24,152.51,152.51,"6,151,200"
CRM,"Jan 17, 2019",148.54,150.72,147.69,149.82,149.82,"3,743,200"
CRM,"Jan 16, 2019",149.15,149.79,147.80,148.54,148.54,"3,936,800"
CRM,"Jan 15, 2019",146.35,149.86,145.80,149.19,149.19,"5,350,400"
CRM,"Jan 14, 2019",145.75,146.73,144.70,146.05,146.05,"5,815,500"
CRM,"Jan 11, 2019",146.56,148.03,145.61,147.55,147.55,"5,185,200"
CRM,"Jan 10, 2019",143.77,147.21,143.76,147.04,147.04,"5,116,900"
CRM,"Jan 09, 2019",146.89,147.50,144.53,145.99,145.99,"5,445,900"
CRM,"Jan 08, 2019",144.73,146.46,142.89,145.72,145.72,"9,057,300"
CRM,"Jan 07, 2019",141.02,143.39,138.79,142.22,142.22,"9,064,800"
CRM,"Jan 04, 2019",133.50,139.32,132.22,137.96,137.96,"6,650,600"
CRM,"Jan 03, 2019",133.48,134.78,130.10,130.40,130.40,"6,019,500"
CRM,"Jan 02, 2019",133.40,136.83,133.05,135.55,135.55,"4,783,900"
CRM,"Dec 31, 2018",136.00,137.97,134.49,136.97,136.97,"5,467,700"
CRM,"Dec 28, 2018",136.00,136.88,132.61,134.68,134.68,"7,276,200"
CRM,"Dec 27, 2018",128.80,135.20,127.84,135.20,135.20,"7,967,700"
CRM,"Dec 26, 2018",122.52,130.90,122.12,130.84,130.84,"8,110,900"
CRM,"Dec 24, 2018",121.14,124.84,120.16,121.33,121.33,"4,721,500"
CRM,"Dec 21, 2018",128.57,129.39,122.46,122.91,122.91,"12,568,600"
EOG,16-May-19,95.00,96.25,94.79,95.18,95.18,"2,043,800"
EOG,"May 15, 2019",93.39,94.63,93.17,94.36,94.36,"1,950,500"
EOG,"May 14, 2019",93.92,95.33,93.92,94.34,94.34,"2,482,500"
EOG,"May 13, 2019",93.94,95.30,93.21,93.50,93.50,"4,184,500"
EOG,"May 10, 2019",94.36,95.25,92.50,95.00,95.00,"2,425,700"
EOG,"May 09, 2019",92.68,95.13,92.06,94.24,94.24,"3,395,100"
EOG,"May 08, 2019",91.67,94.66,91.52,94.03,94.03,"3,925,400"
EOG,"May 07, 2019",90.15,91.89,89.70,91.78,91.78,"4,170,900"
EOG,"May 06, 2019",89.90,91.87,89.54,91.24,91.24,"3,705,900"
EOG,"May 03, 2019",91.75,93.62,89.73,90.90,90.90,"6,354,600"
EOG,"May 02, 2019",91.13,92.15,89.07,89.17,89.17,"5,145,900"
EOG,"May 01, 2019",95.84,96.50,91.86,91.89,91.89,"5,186,600"
EOG,"Apr 30, 2019",97.99,98.38,94.97,96.05,96.05,"3,804,600"
EOG,"Apr 29, 2019",98.00,98.46,96.70,97.00,97.00,"3,512,000"
EOG,"Apr 26, 2019",101.47,102.14,97.08,97.88,97.88,"4,380,400"
EOG,"Apr 25, 2019",103.98,104.13,102.02,102.08,102.08,"4,090,800"
EOG,"Apr 24, 2019",107.50,107.58,103.83,103.94,103.94,"3,599,200"
EOG,"Apr 23, 2019",106.97,107.89,105.37,106.60,106.60,"4,242,000"
EOG,"Apr 22, 2019",105.25,107.30,104.64,107.07,107.07,"3,886,000"
EOG,"Apr 18, 2019",101.95,104.29,101.52,103.87,103.87,"3,307,000"
EOG,"Apr 17, 2019",103.19,104.45,101.43,101.84,101.84,"2,445,500"
EOG,"Apr 16, 2019",101.86,102.82,100.98,102.35,102.35,"2,990,100"
EOG,"Apr 15, 2019",104.43,104.72,101.44,102.12,102.12,"6,091,000"
EOG,"Apr 12, 2019",102.09,106.48,101.85,105.31,105.09,"7,145,100"
EOG,"Apr 11, 2019",98.38,99.76,97.66,98.73,98.52,"2,640,900"
EOG,"Apr 10, 2019",99.34,100.05,98.40,98.73,98.52,"3,066,200"
EOG,"Apr 09, 2019",98.79,99.59,97.39,98.57,98.36,"4,005,700"
EOG,"Apr 08, 2019",99.12,100.99,98.97,99.48,99.27,"4,985,900"
EOG,"Apr 05, 2019",94.45,98.76,93.94,98.63,98.42,"4,505,400"
EOG,"Apr 04, 2019",94.06,94.50,92.92,93.67,93.47,"5,782,700"
EOG,"Apr 03, 2019",96.65,96.65,93.78,93.93,93.73,"4,351,500"
EOG,"Apr 02, 2019",97.08,97.77,96.01,96.05,95.85,"2,260,100"
EOG,"Apr 01, 2019",96.19,97.15,95.58,96.94,96.74,"2,633,900"
EOG,"Mar 29, 2019",96.38,96.58,94.85,95.18,94.98,"2,785,600"
EOG,"Mar 28, 2019",93.81,95.47,93.72,95.24,95.04,"2,768,000"
EOG,"Mar 27, 2019",94.32,95.45,93.64,94.59,94.39,"2,761,700"
EOG,"Mar 26, 2019",94.45,95.99,94.27,94.77,94.57,"2,393,700"
EOG,"Mar 25, 2019",93.55,94.13,91.98,92.78,92.59,"2,940,500"
EOG,"Mar 22, 2019",95.75,95.95,92.78,93.68,93.48,"7,873,000"
EOG,"Mar 21, 2019",95.82,97.23,94.39,96.87,96.67,"5,389,100"
EOG,"Mar 20, 2019",93.05,96.61,92.82,95.89,95.69,"7,928,500"
EOG,"Mar 19, 2019",92.82,93.13,92.34,92.88,92.69,"7,035,400"
EOG,"Mar 18, 2019",89.02,92.19,88.82,91.92,91.73,"4,197,000"
EOG,"Mar 15, 2019",89.11,90.36,88.00,88.85,88.66,"8,939,900"
EOG,"Mar 14, 2019",88.62,90.05,88.34,89.69,89.50,"4,338,900"
EOG,"Mar 13, 2019",88.00,88.67,86.77,88.57,88.38,"6,656,000"
EOG,"Mar 12, 2019",86.93,87.64,86.47,86.98,86.80,"8,308,900"
EOG,"Mar 11, 2019",86.77,87.87,86.14,86.26,86.08,"7,699,100"
EOG,"Mar 08, 2019",89.32,89.70,86.19,86.44,86.26,"6,761,000"
EOG,"Mar 07, 2019",92.07,92.12,90.58,91.35,91.16,"3,674,200"
EOG,"Mar 06, 2019",94.92,94.98,91.56,91.94,91.75,"5,079,200"
EOG,"Mar 05, 2019",97.04,97.30,95.27,95.50,95.30,"3,337,000"
EOG,"Mar 04, 2019",96.71,97.63,95.12,96.81,96.61,"3,729,100"
EOG,"Mar 01, 2019",94.64,97.01,94.39,96.42,96.22,"5,033,900"
EOG,"Feb 28, 2019",95.37,96.23,92.97,94.00,93.80,"5,204,700"
EOG,"Feb 27, 2019",95.54,98.40,93.99,95.04,94.84,"6,452,100"
EOG,"Feb 26, 2019",94.99,95.17,92.97,93.91,93.71,"5,777,600"
EOG,"Feb 25, 2019",95.13,95.71,94.17,94.75,94.55,"6,090,800"
EOG,"Feb 22, 2019",96.43,97.12,95.12,95.53,95.33,"4,163,500"
EOG,"Feb 21, 2019",98.34,98.67,94.57,95.35,95.15,"3,836,800"
EOG,"Feb 20, 2019",99.58,99.81,98.42,98.78,98.57,"3,456,300"
EOG,"Feb 19, 2019",99.00,100.28,98.41,99.71,99.50,"2,791,500"
EOG,"Feb 15, 2019",98.22,100.26,97.91,100.25,100.04,"3,038,600"
EOG,"Feb 14, 2019",96.33,97.83,96.25,96.96,96.76,"2,654,700"
EOG,"Feb 13, 2019",96.15,97.79,95.74,96.75,96.55,"3,469,200"
EOG,"Feb 12, 2019",95.78,97.12,95.20,95.63,95.43,"3,072,400"
EOG,"Feb 11, 2019",91.63,94.35,91.61,94.21,94.01,"2,625,700"
EOG,"Feb 08, 2019",92.67,93.27,89.94,92.50,92.31,"3,073,000"
EOG,"Feb 07, 2019",95.46,95.77,91.73,92.99,92.80,"3,459,000"
EOG,"Feb 06, 2019",97.49,97.61,96.06,96.18,95.98,"2,723,700"
EOG,"Feb 05, 2019",99.23,99.65,97.87,98.35,98.14,"1,978,000"
EOG,"Feb 04, 2019",97.75,99.40,96.71,99.38,99.17,"1,788,400"
EOG,"Feb 01, 2019",99.87,100.49,98.55,98.85,98.64,"2,614,700"
EOG,"Jan 31, 2019",99.94,100.85,98.59,99.20,98.99,"2,500,700"
EOG,"Jan 30, 2019",99.69,99.90,98.37,99.45,99.24,"3,000,600"
EOG,"Jan 29, 2019",98.60,99.75,98.09,98.87,98.66,"2,873,300"
EOG,"Jan 28, 2019",97.43,98.25,96.49,98.10,97.90,"2,953,000"
EOG,"Jan 25, 2019",98.19,100.30,98.05,99.10,98.89,"2,417,700"
EOG,"Jan 24, 2019",96.52,98.05,95.79,97.24,97.04,"3,128,900"
EOG,"Jan 23, 2019",97.65,98.42,96.13,96.57,96.37,"2,679,100"
EOG,"Jan 22, 2019",99.76,100.06,96.63,96.86,96.66,"4,390,200"
EOG,"Jan 18, 2019",100.30,101.37,99.11,101.05,100.84,"3,299,500"
EOG,"Jan 17, 2019",98.36,99.35,97.11,99.05,98.84,"2,670,800"
EOG,"Jan 16, 2019",98.55,99.42,97.44,98.67,98.46,"2,800,500"
EOG,"Jan 15, 2019",98.97,99.94,98.00,98.59,98.16,"2,452,700"
EOG,"Jan 14, 2019",95.66,99.01,95.28,98.51,98.08,"3,504,800"
EOG,"Jan 11, 2019",97.86,98.01,95.96,96.87,96.45,"3,206,100"
EOG,"Jan 10, 2019",98.02,99.32,97.28,99.12,98.69,"3,480,400"
EOG,"Jan 09, 2019",96.78,99.51,96.11,99.19,98.76,"4,739,600"
EOG,"Jan 08, 2019",95.66,96.11,94.34,95.52,95.11,"3,437,800"
EOG,"Jan 07, 2019",94.49,96.41,92.22,94.51,94.10,"4,453,100"
EOG,"Jan 04, 2019",91.70,94.30,91.08,93.92,93.51,"3,874,200"
EOG,"Jan 03, 2019",90.60,91.22,88.26,89.97,89.58,"2,961,700"
EOG,"Jan 02, 2019",85.66,91.26,85.20,90.61,90.22,"3,863,000"
EOG,"Dec 31, 2018",88.21,88.90,86.37,87.21,86.83,"3,571,100"
EOG,"Dec 28, 2018",89.24,89.33,86.15,87.52,87.14,"3,325,200"
EOG,"Dec 27, 2018",87.10,88.79,85.05,88.79,88.41,"4,305,200"
EOG,"Dec 26, 2018",83.83,89.03,82.04,88.99,88.61,"4,488,200"
OXY,16-May-19,54.35,54.62,53.53,53.75,53.75,"10,654,200"
OXY,"May 15, 2019",54.11,54.26,53.12,54.25,54.25,"13,684,500"
OXY,"May 14, 2019",54.32,55.01,54.15,54.55,54.55,"7,195,100"
OXY,"May 13, 2019",54.57,54.75,53.51,54.17,54.17,"12,889,800"
OXY,"May 10, 2019",56.34,56.58,54.50,54.97,54.97,"17,791,400"
OXY,"May 09, 2019",56.85,57.13,56.12,56.33,56.33,"36,678,600"
OXY,"May 08, 2019",59.76,60.73,59.40,60.21,60.21,"17,378,500"
OXY,"May 07, 2019",58.41,59.77,58.17,59.69,59.69,"21,567,200"
OXY,"May 06, 2019",57.33,59.18,56.94,58.77,58.77,"25,494,800"
OXY,"May 03, 2019",57.97,58.60,57.69,57.95,57.95,"10,790,000"
OXY,"May 02, 2019",57.41,57.86,56.95,57.35,57.35,"18,795,100"
OXY,"May 01, 2019",59.10,59.27,57.48,57.48,57.48,"11,084,200"
OXY,"Apr 30, 2019",58.65,59.30,57.54,58.88,58.88,"24,103,900"
OXY,"Apr 29, 2019",60.06,60.60,59.59,60.13,60.13,"9,112,800"
OXY,"Apr 26, 2019",61.60,61.80,60.01,61.31,61.31,"10,170,800"
OXY,"Apr 25, 2019",60.77,63.42,60.26,61.84,61.84,"16,502,800"
OXY,"Apr 24, 2019",59.81,62.12,59.76,62.00,62.00,"28,235,200"
OXY,"Apr 23, 2019",62.93,62.95,61.75,62.36,62.36,"10,307,300"
OXY,"Apr 22, 2019",62.35,63.31,62.05,63.05,63.05,"5,873,700"
OXY,"Apr 18, 2019",62.65,62.80,61.79,61.82,61.82,"8,480,700"
OXY,"Apr 17, 2019",64.02,64.60,62.53,62.65,62.65,"6,554,000"
OXY,"Apr 16, 2019",63.52,64.71,63.18,63.67,63.67,"11,094,100"
OXY,"Apr 15, 2019",65.16,65.25,62.77,63.36,63.36,"11,793,400"
OXY,"Apr 12, 2019",66.04,66.45,64.04,65.33,65.33,"10,070,600"
OXY,"Apr 11, 2019",66.76,67.57,66.44,67.18,67.18,"2,956,400"
OXY,"Apr 10, 2019",67.48,67.70,66.99,67.18,67.18,"3,645,800"
OXY,"Apr 09, 2019",68.03,68.18,66.98,67.28,67.28,"3,301,400"
OXY,"Apr 08, 2019",68.35,68.83,67.86,68.37,68.37,"2,527,700"
OXY,"Apr 05, 2019",66.66,68.36,66.65,68.04,68.04,"3,808,400"
OXY,"Apr 04, 2019",66.11,66.62,65.57,66.44,66.44,"2,855,700"
OXY,"Apr 03, 2019",67.23,67.23,65.84,66.06,66.06,"3,056,700"
OXY,"Apr 02, 2019",67.21,67.63,66.19,66.63,66.63,"3,312,400"
OXY,"Apr 01, 2019",66.89,67.28,66.54,67.18,67.18,"2,809,900"
OXY,"Mar 29, 2019",67.28,67.48,66.05,66.20,66.20,"3,190,400"
OXY,"Mar 28, 2019",65.93,66.66,65.80,66.57,66.57,"2,522,500"
OXY,"Mar 27, 2019",67.21,67.21,65.86,66.35,66.35,"3,559,800"
OXY,"Mar 26, 2019",65.88,67.49,65.71,67.08,67.08,"5,885,500"
OXY,"Mar 25, 2019",65.27,65.33,64.51,65.13,65.13,"6,588,600"
OXY,"Mar 22, 2019",66.75,66.85,65.13,65.24,65.24,"6,138,600"
OXY,"Mar 21, 2019",66.96,67.30,66.48,67.24,67.24,"5,284,600"
OXY,"Mar 20, 2019",66.03,67.74,65.91,67.26,67.26,"5,112,800"
OXY,"Mar 19, 2019",67.36,67.79,65.94,66.17,66.17,"3,695,500"
OXY,"Mar 18, 2019",65.76,67.09,65.64,67.01,67.01,"3,256,800"
OXY,"Mar 15, 2019",64.86,65.60,64.85,65.47,65.47,"5,602,900"
OXY,"Mar 14, 2019",64.97,65.49,64.95,65.21,65.21,"2,446,300"
OXY,"Mar 13, 2019",64.72,65.17,64.31,65.06,65.06,"2,561,600"
OXY,"Mar 12, 2019",64.19,64.50,63.93,64.20,64.20,"3,195,500"
OXY,"Mar 11, 2019",63.27,63.97,62.81,63.88,63.88,"3,770,000"
OXY,"Mar 08, 2019",64.09,64.09,62.12,62.71,62.71,"5,581,500"
OXY,"Mar 07, 2019",66.23,66.30,65.50,65.74,64.96,"3,156,000"
OXY,"Mar 06, 2019",67.14,67.41,65.86,66.19,65.40,"4,453,400"
OXY,"Mar 05, 2019",67.42,67.83,66.81,67.53,66.73,"3,699,200"
OXY,"Mar 04, 2019",67.76,67.98,66.41,67.45,66.65,"4,198,600"
OXY,"Mar 01, 2019",66.37,67.57,66.37,67.55,66.75,"3,866,000"
OXY,"Feb 28, 2019",66.65,66.66,65.37,66.15,65.37,"3,856,300"
OXY,"Feb 27, 2019",66.31,67.27,66.08,66.65,65.86,"2,959,300"
OXY,"Feb 26, 2019",66.28,66.88,65.96,66.04,65.26,"2,764,700"
OXY,"Feb 25, 2019",65.78,66.37,65.67,66.23,65.44,"3,594,600"
OXY,"Feb 22, 2019",67.18,67.21,65.74,65.93,65.15,"5,035,900"
OXY,"Feb 21, 2019",68.19,68.19,66.41,66.60,65.81,"4,122,700"
OXY,"Feb 20, 2019",67.50,68.31,67.35,68.25,67.44,"4,017,600"
OXY,"Feb 19, 2019",65.69,67.75,65.64,67.63,66.83,"5,082,900"
OXY,"Feb 15, 2019",67.57,68.26,66.50,67.19,66.39,"6,058,100"
OXY,"Feb 14, 2019",65.68,67.36,65.29,66.57,65.78,"5,701,600"
OXY,"Feb 13, 2019",66.13,68.05,64.88,65.85,65.07,"7,206,200"
OXY,"Feb 12, 2019",65.86,66.27,65.58,65.75,64.97,"3,903,100"
OXY,"Feb 11, 2019",64.48,65.06,63.94,64.84,64.07,"5,489,500"
OXY,"Feb 08, 2019",64.60,64.98,63.38,64.96,64.19,"4,651,500"
OXY,"Feb 07, 2019",66.10,66.21,64.46,64.92,64.15,"4,421,700"
OXY,"Feb 06, 2019",66.84,67.16,66.48,66.63,65.84,"3,205,500"
OXY,"Feb 05, 2019",67.61,67.64,67.01,67.30,66.50,"2,916,300"
OXY,"Feb 04, 2019",67.47,67.91,67.13,67.74,66.94,"3,250,900"
OXY,"Feb 01, 2019",67.26,68.23,66.78,68.04,67.23,"5,387,200"
OXY,"Jan 31, 2019",67.28,67.39,66.21,66.78,65.99,"5,914,100"
OXY,"Jan 30, 2019",66.96,67.46,66.44,66.97,66.18,"3,894,100"
OXY,"Jan 29, 2019",66.57,66.82,66.00,66.48,65.69,"3,887,200"
OXY,"Jan 28, 2019",65.64,66.14,64.99,66.08,65.30,"3,795,300"
OXY,"Jan 25, 2019",65.55,66.70,65.42,66.53,65.74,"3,474,700"
OXY,"Jan 24, 2019",64.54,65.16,64.01,64.98,64.21,"4,035,100"
OXY,"Jan 23, 2019",65.26,65.71,63.94,64.57,63.80,"3,730,600"
OXY,"Jan 22, 2019",66.35,66.40,64.86,65.12,64.35,"4,140,800"
OXY,"Jan 18, 2019",66.56,67.23,65.86,67.03,66.23,"4,596,200"
OXY,"Jan 17, 2019",64.65,66.10,64.45,65.83,65.05,"4,767,500"
OXY,"Jan 16, 2019",65.51,65.67,65.08,65.14,64.37,"4,484,500"
OXY,"Jan 15, 2019",65.81,66.53,65.35,65.52,64.74,"4,499,700"
OXY,"Jan 14, 2019",65.45,66.47,65.40,65.58,64.80,"6,604,000"
OXY,"Jan 11, 2019",65.66,66.25,65.19,66.22,65.43,"3,894,600"
OXY,"Jan 10, 2019",65.81,66.28,65.04,66.19,65.40,"4,983,200"
OXY,"Jan 09, 2019",65.48,66.22,65.25,65.78,65.00,"4,515,800"
OXY,"Jan 08, 2019",65.30,66.31,64.90,64.99,64.22,"5,420,100"
OXY,"Jan 07, 2019",63.55,65.33,62.75,64.48,63.71,"5,771,600"
OXY,"Jan 04, 2019",62.28,63.42,62.03,63.21,62.46,"6,367,400"
OXY,"Jan 03, 2019",62.18,62.40,60.73,61.24,60.51,"5,465,500"
OXY,"Jan 02, 2019",60.52,62.40,59.72,62.00,61.26,"5,355,300"
OXY,"Dec 31, 2018",60.78,61.50,60.51,61.38,60.65,"5,126,200"
OXY,"Dec 28, 2018",61.19,61.46,60.18,60.47,59.75,"5,029,100"
OXY,"Dec 27, 2018",59.45,60.78,58.52,60.76,60.04,"6,814,700"
OXY,"Dec 26, 2018",57.62,60.63,56.83,60.60,59.88,"7,171,400"
OXY,"Dec 24, 2018",59.42,59.83,57.11,57.11,56.43,"4,131,100"
SBAC,16-May-19,211.04,213.67,210.50,212.31,212.31,"424,800"
SBAC,"May 15, 2019",207.34,211.07,207.28,210.40,210.40,"572,300"
SBAC,"May 14, 2019",209.86,212.96,209.02,209.47,209.47,"479,900"
SBAC,"May 13, 2019",208.15,210.14,207.77,209.27,209.27,"433,200"
SBAC,"May 10, 2019",207.20,210.73,206.36,210.39,210.39,"591,500"
SBAC,"May 09, 2019",207.00,208.10,205.22,207.31,207.31,"551,700"
SBAC,"May 08, 2019",204.01,208.50,204.01,207.94,207.94,"729,800"
SBAC,"May 07, 2019",205.61,206.11,202.52,204.35,204.35,"665,300"
SBAC,"May 06, 2019",206.52,207.51,205.00,206.04,206.04,"390,100"
SBAC,"May 03, 2019",204.97,207.28,204.37,206.92,206.92,"529,000"
SBAC,"May 02, 2019",203.13,205.15,203.13,204.19,204.19,"853,200"
SBAC,"May 01, 2019",202.94,207.19,202.68,203.81,203.81,"768,100"
SBAC,"Apr 30, 2019",199.61,204.12,197.86,203.73,203.73,"892,400"
SBAC,"Apr 29, 2019",200.65,201.48,199.23,199.81,199.81,"639,500"
SBAC,"Apr 26, 2019",199.68,201.26,199.34,201.07,201.07,"390,600"
SBAC,"Apr 25, 2019",200.43,200.84,198.33,199.53,199.53,"435,400"
SBAC,"Apr 24, 2019",200.22,202.00,199.05,200.84,200.84,"387,300"
SBAC,"Apr 23, 2019",199.26,200.87,198.15,199.98,199.98,"454,000"
SBAC,"Apr 22, 2019",197.48,199.64,196.38,199.37,199.37,"472,600"
SBAC,"Apr 18, 2019",197.53,198.95,193.91,198.18,198.18,"630,300"
SBAC,"Apr 17, 2019",200.00,201.07,197.03,197.30,197.30,"667,100"
SBAC,"Apr 16, 2019",203.88,203.94,197.83,198.88,198.88,"483,700"
SBAC,"Apr 15, 2019",203.75,204.06,201.94,203.11,203.11,"424,600"
SBAC,"Apr 12, 2019",202.73,204.34,200.68,204.24,204.24,"419,800"
SBAC,"Apr 11, 2019",202.93,203.64,201.77,203.32,203.32,"505,200"
SBAC,"Apr 10, 2019",201.73,202.98,201.26,202.53,202.53,"443,500"
SBAC,"Apr 09, 2019",201.41,202.79,199.90,201.19,201.19,"612,200"
SBAC,"Apr 08, 2019",201.02,202.18,199.86,201.49,201.49,"530,800"
SBAC,"Apr 05, 2019",197.67,201.17,197.47,201.01,201.01,"699,200"
SBAC,"Apr 04, 2019",200.51,200.96,198.02,198.13,198.13,"922,200"
SBAC,"Apr 03, 2019",199.77,201.57,198.01,200.12,200.12,"571,200"
SBAC,"Apr 02, 2019",198.05,200.50,197.05,199.64,199.64,"758,300"
SBAC,"Apr 01, 2019",200.22,200.22,196.21,197.91,197.91,"1,041,500"
SBAC,"Mar 29, 2019",194.94,200.04,194.14,199.66,199.66,"1,491,800"
SBAC,"Mar 28, 2019",193.89,195.16,192.43,194.93,194.93,"1,077,200"
SBAC,"Mar 27, 2019",195.45,195.45,192.58,193.75,193.75,"824,500"
SBAC,"Mar 26, 2019",196.89,196.89,194.40,195.00,195.00,"655,200"
SBAC,"Mar 25, 2019",197.32,197.76,195.41,195.58,195.58,"759,800"
SBAC,"Mar 22, 2019",195.10,198.14,195.10,197.12,197.12,"999,200"
SBAC,"Mar 21, 2019",192.10,196.27,191.59,196.07,196.07,"810,500"
SBAC,"Mar 20, 2019",191.59,193.73,190.51,192.61,192.61,"632,600"
SBAC,"Mar 19, 2019",191.65,193.17,191.50,191.89,191.89,"667,900"
SBAC,"Mar 18, 2019",191.06,192.18,190.28,191.56,191.56,"733,700"
SBAC,"Mar 15, 2019",189.55,191.27,189.09,190.95,190.95,"1,102,900"
SBAC,"Mar 14, 2019",189.21,189.50,187.64,189.44,189.44,"490,200"
SBAC,"Mar 13, 2019",187.49,189.04,187.15,188.96,188.96,"710,300"
SBAC,"Mar 12, 2019",185.76,187.73,184.73,187.12,187.12,"579,500"
SBAC,"Mar 11, 2019",183.27,186.00,183.27,185.91,185.91,"568,100"
SBAC,"Mar 08, 2019",183.38,185.69,182.11,183.47,183.47,"511,700"
SBAC,"Mar 07, 2019",182.30,184.50,181.50,183.38,183.38,"707,900"
SBAC,"Mar 06, 2019",182.00,183.07,181.68,182.30,182.30,"399,500"
SBAC,"Mar 05, 2019",182.48,183.73,181.33,182.10,182.10,"734,900"
SBAC,"Mar 04, 2019",182.45,182.88,180.08,182.48,182.48,"839,100"
SBAC,"Mar 01, 2019",181.21,182.44,178.85,182.11,182.11,"684,400"
SBAC,"Feb 28, 2019",180.18,183.02,179.77,180.56,180.56,"999,000"
SBAC,"Feb 27, 2019",180.76,181.51,178.57,180.41,180.41,"347,500"
SBAC,"Feb 26, 2019",180.66,182.12,179.96,180.99,180.99,"556,100"
SBAC,"Feb 25, 2019",181.92,182.63,179.88,181.09,181.09,"656,800"
SBAC,"Feb 22, 2019",181.49,184.63,179.35,182.55,182.55,"992,300"
SBAC,"Feb 21, 2019",183.54,183.54,180.34,182.66,182.66,"776,000"
SBAC,"Feb 20, 2019",183.05,184.05,182.00,182.99,182.99,"652,800"
SBAC,"Feb 19, 2019",184.46,186.35,183.01,183.55,183.55,"873,800"
SBAC,"Feb 15, 2019",185.06,185.93,184.01,185.50,185.50,"1,332,700"
SBAC,"Feb 14, 2019",184.02,185.12,183.59,184.19,184.19,"432,600"
SBAC,"Feb 13, 2019",183.36,184.49,182.65,184.34,184.34,"423,600"
SBAC,"Feb 12, 2019",184.13,184.20,182.14,183.21,183.21,"403,800"
SBAC,"Feb 11, 2019",183.90,184.98,182.95,183.97,183.97,"505,200"
SBAC,"Feb 08, 2019",183.58,184.74,182.49,183.22,183.22,"515,300"
SBAC,"Feb 07, 2019",181.16,183.87,180.43,183.65,183.65,"370,000"
SBAC,"Feb 06, 2019",184.03,184.60,181.29,181.42,181.42,"542,700"
SBAC,"Feb 05, 2019",181.85,184.71,181.55,184.59,184.59,"754,700"
SBAC,"Feb 04, 2019",181.04,182.50,179.89,182.46,182.46,"572,300"
SBAC,"Feb 01, 2019",182.94,183.36,178.10,181.14,181.14,"590,700"
SBAC,"Jan 31, 2019",178.63,182.80,177.47,182.53,182.53,"878,400"
SBAC,"Jan 30, 2019",178.67,180.00,177.38,178.81,178.81,"712,900"
SBAC,"Jan 29, 2019",177.83,178.84,177.00,178.76,178.76,"666,700"
SBAC,"Jan 28, 2019",176.39,178.00,175.17,177.62,177.62,"542,300"
SBAC,"Jan 25, 2019",176.34,179.63,174.94,177.27,177.27,"957,400"
SBAC,"Jan 24, 2019",175.06,177.91,173.41,176.53,176.53,"569,400"
SBAC,"Jan 23, 2019",173.01,175.60,172.32,175.50,175.50,"834,500"
SBAC,"Jan 22, 2019",172.92,174.00,171.16,173.16,173.16,"638,700"
SBAC,"Jan 18, 2019",174.35,174.56,171.46,173.05,173.05,"1,068,100"
SBAC,"Jan 17, 2019",171.91,174.32,171.53,173.46,173.46,"634,500"
SBAC,"Jan 16, 2019",170.57,173.31,169.23,172.57,172.57,"695,100"
SBAC,"Jan 15, 2019",169.64,171.79,169.32,170.50,170.50,"525,800"
SBAC,"Jan 14, 2019",169.31,170.62,168.35,169.16,169.16,"647,200"
SBAC,"Jan 11, 2019",167.83,170.43,166.71,169.79,169.79,"451,200"
SBAC,"Jan 10, 2019",164.52,168.21,163.81,168.05,168.05,"486,100"
SBAC,"Jan 09, 2019",167.25,167.25,164.25,164.94,164.94,"523,000"
SBAC,"Jan 08, 2019",165.61,167.74,163.65,167.26,167.26,"763,300"
SBAC,"Jan 07, 2019",163.71,166.73,163.04,164.59,164.59,"593,900"
SBAC,"Jan 04, 2019",162.97,165.04,161.99,162.94,162.94,"743,900"
SBAC,"Jan 03, 2019",160.15,164.61,160.15,162.54,162.54,"804,200"
SBAC,"Jan 02, 2019",160.10,160.98,158.07,160.75,160.75,"805,800"
SBAC,"Dec 31, 2018",163.00,163.52,160.24,161.89,161.89,"814,900"
SBAC,"Dec 28, 2018",164.54,165.06,161.52,162.49,162.49,"575,700"
SBAC,"Dec 27, 2018",162.65,164.99,158.04,163.19,163.19,"687,800"
SBAC,"Dec 26, 2018",158.00,164.28,155.19,164.27,164.27,"1,044,500"
SBAC,"Dec 24, 2018",161.17,162.88,157.90,158.13,158.13,"830,500"
SBAC,"Dec 21, 2018",163.78,167.60,161.54,161.79,161.79,"1,977,000"
VRTX,16-May-19,167.63,173.41,167.63,170.23,170.23,"1,688,900"
VRTX,"May 15, 2019",165.41,168.22,164.96,166.88,166.88,"663,700"
VRTX,"May 14, 2019",165.60,167.58,164.96,166.72,166.72,"938,200"
VRTX,"May 13, 2019",165.70,167.48,164.07,164.61,164.61,"1,118,500"
VRTX,"May 10, 2019",169.36,169.36,164.31,168.85,168.85,"805,700"
VRTX,"May 09, 2019",167.40,170.50,166.48,169.91,169.91,"820,200"
VRTX,"May 08, 2019",170.06,171.54,168.40,169.01,169.01,"1,121,600"
VRTX,"May 07, 2019",172.33,174.38,168.59,170.28,170.28,"1,345,900"
VRTX,"May 06, 2019",170.30,175.15,169.95,174.76,174.76,"888,300"
VRTX,"May 03, 2019",170.05,174.19,169.46,173.87,173.87,"971,800"
VRTX,"May 02, 2019",172.10,172.49,167.80,169.54,169.54,"1,209,800"
VRTX,"May 01, 2019",168.76,175.60,168.51,172.60,172.60,"1,824,800"
VRTX,"Apr 30, 2019",173.93,174.92,168.49,168.98,168.98,"1,619,800"
VRTX,"Apr 29, 2019",172.58,173.67,171.22,172.52,172.52,"750,300"
VRTX,"Apr 26, 2019",173.98,174.42,170.01,172.85,172.85,"1,117,700"
VRTX,"Apr 25, 2019",172.40,175.22,170.20,174.61,174.61,"806,500"
VRTX,"Apr 24, 2019",175.58,175.86,171.76,172.58,172.58,"1,164,500"
VRTX,"Apr 23, 2019",169.22,175.60,168.77,175.37,175.37,"1,514,600"
VRTX,"Apr 22, 2019",167.79,169.86,166.20,168.52,168.52,"1,213,500"
VRTX,"Apr 18, 2019",169.96,170.45,163.68,168.16,168.16,"3,195,700"
VRTX,"Apr 17, 2019",180.45,180.75,166.65,166.97,166.97,"2,851,100"
VRTX,"Apr 16, 2019",183.63,184.80,179.59,179.74,179.74,"900,300"
VRTX,"Apr 15, 2019",182.27,184.32,180.24,182.49,182.49,"826,700"
VRTX,"Apr 12, 2019",185.42,186.47,182.31,182.78,182.78,"1,077,400"
VRTX,"Apr 11, 2019",191.08,191.42,184.22,185.12,185.12,"1,971,900"
VRTX,"Apr 10, 2019",188.32,191.71,187.07,190.37,190.37,"1,155,900"
VRTX,"Apr 09, 2019",188.01,189.70,187.75,188.31,188.31,"976,000"
VRTX,"Apr 08, 2019",189.27,189.95,186.67,188.93,188.93,"910,100"
VRTX,"Apr 05, 2019",184.49,189.35,184.24,188.89,188.89,"2,289,000"
VRTX,"Apr 04, 2019",188.22,188.34,182.49,184.15,184.15,"1,193,400"
VRTX,"Apr 03, 2019",187.90,188.98,187.01,187.89,187.89,"829,400"
VRTX,"Apr 02, 2019",185.96,189.43,184.91,187.11,187.11,"814,400"
VRTX,"Apr 01, 2019",185.20,187.38,184.68,186.05,186.05,"1,030,000"
VRTX,"Mar 29, 2019",184.29,184.86,181.92,183.95,183.95,"1,274,700"
VRTX,"Mar 28, 2019",186.01,186.94,181.49,182.42,182.42,"1,615,200"
VRTX,"Mar 27, 2019",190.00,190.01,185.62,185.82,185.82,"1,181,200"
VRTX,"Mar 26, 2019",185.24,190.07,184.83,189.91,189.91,"1,373,700"
VRTX,"Mar 25, 2019",181.67,185.06,181.44,183.85,183.85,"1,754,500"
VRTX,"Mar 22, 2019",182.07,183.85,181.04,181.53,181.53,"1,612,300"
VRTX,"Mar 21, 2019",178.22,182.74,178.22,182.56,182.56,"1,156,500"
VRTX,"Mar 20, 2019",181.53,182.46,179.54,179.98,179.98,"1,213,600"
VRTX,"Mar 19, 2019",184.64,185.00,181.18,181.76,181.76,"1,556,200"
VRTX,"Mar 18, 2019",188.00,189.21,185.53,187.48,187.48,"1,554,100"
VRTX,"Mar 15, 2019",186.88,189.35,186.37,188.09,188.09,"2,768,600"
VRTX,"Mar 14, 2019",185.62,186.66,184.45,186.11,186.11,"785,700"
VRTX,"Mar 13, 2019",183.37,186.78,182.21,185.66,185.66,"1,202,300"
VRTX,"Mar 12, 2019",181.15,183.23,179.85,182.57,182.57,"1,545,300"
VRTX,"Mar 11, 2019",177.94,180.56,177.78,180.52,180.52,"1,350,700"
VRTX,"Mar 08, 2019",177.26,177.62,173.59,177.26,177.26,"1,451,500"
VRTX,"Mar 07, 2019",181.36,181.83,177.45,178.61,178.61,"1,432,000"
VRTX,"Mar 06, 2019",188.18,188.70,180.56,181.11,181.11,"1,381,000"
VRTX,"Mar 05, 2019",190.16,190.51,187.52,187.80,187.80,"1,409,100"
VRTX,"Mar 04, 2019",193.03,193.89,186.71,190.04,190.04,"1,208,600"
VRTX,"Mar 01, 2019",189.95,192.69,189.28,192.16,192.16,"887,600"
VRTX,"Feb 28, 2019",189.74,190.04,188.23,188.75,188.75,"1,194,700"
VRTX,"Feb 27, 2019",187.97,189.87,186.44,189.81,189.81,"633,200"
VRTX,"Feb 26, 2019",186.26,189.99,184.89,188.92,188.92,"1,478,000"
VRTX,"Feb 25, 2019",186.74,188.10,185.63,186.33,186.33,"1,268,800"
VRTX,"Feb 22, 2019",184.33,185.84,182.94,185.76,185.76,"1,027,400"
VRTX,"Feb 21, 2019",187.70,188.12,182.16,183.06,183.06,"1,087,000"
VRTX,"Feb 20, 2019",186.06,188.64,185.65,187.84,187.84,"1,066,300"
VRTX,"Feb 19, 2019",187.90,189.09,185.83,186.86,186.86,"1,823,700"
VRTX,"Feb 15, 2019",185.67,188.56,185.67,188.07,188.07,"1,408,200"
VRTX,"Feb 14, 2019",184.52,186.84,183.53,185.72,185.72,"917,800"
VRTX,"Feb 13, 2019",185.00,186.25,184.35,185.25,185.25,"1,244,500"
VRTX,"Feb 12, 2019",181.44,184.30,181.44,184.01,184.01,"1,316,600"
VRTX,"Feb 11, 2019",182.05,182.17,178.40,181.53,181.53,"2,037,000"
VRTX,"Feb 08, 2019",178.76,181.45,178.76,181.34,181.34,"980,600"
VRTX,"Feb 07, 2019",181.50,182.59,178.99,180.18,180.18,"1,462,500"
VRTX,"Feb 06, 2019",193.00,193.00,182.06,182.39,182.39,"1,915,700"
VRTX,"Feb 05, 2019",185.81,190.74,185.44,187.02,187.02,"1,643,500"
VRTX,"Feb 04, 2019",189.19,189.28,184.49,187.98,187.98,"1,482,300"
VRTX,"Feb 01, 2019",190.92,193.03,189.92,191.52,191.52,"892,800"
VRTX,"Jan 31, 2019",187.17,190.98,186.86,190.91,190.91,"900,800"
VRTX,"Jan 30, 2019",185.84,187.92,184.50,187.05,187.05,"1,385,900"
VRTX,"Jan 29, 2019",188.16,188.26,184.70,186.38,186.38,"1,024,500"
VRTX,"Jan 28, 2019",188.94,188.98,185.76,188.09,188.09,"1,513,500"
VRTX,"Jan 25, 2019",188.16,190.39,186.27,189.50,189.50,"1,404,800"
VRTX,"Jan 24, 2019",189.64,190.23,186.47,186.58,186.58,"1,825,300"
VRTX,"Jan 23, 2019",194.67,195.20,187.78,189.89,189.89,"2,043,000"
VRTX,"Jan 22, 2019",193.48,195.81,192.39,193.88,193.88,"2,003,900"
VRTX,"Jan 18, 2019",192.63,194.78,189.41,194.70,194.70,"2,150,100"
VRTX,"Jan 17, 2019",185.77,191.42,184.71,190.52,190.52,"1,605,900"
VRTX,"Jan 16, 2019",186.21,188.34,184.13,186.15,186.15,"2,251,200"
VRTX,"Jan 15, 2019",184.37,186.76,183.06,186.68,186.68,"1,330,500"
VRTX,"Jan 14, 2019",186.71,186.99,183.78,183.91,183.91,"1,962,000"
VRTX,"Jan 11, 2019",184.62,188.86,183.43,188.16,188.16,"2,222,600"
VRTX,"Jan 10, 2019",181.85,186.09,180.26,186.03,186.03,"1,988,200"
VRTX,"Jan 09, 2019",179.14,182.70,178.25,182.30,182.30,"2,298,500"
VRTX,"Jan 08, 2019",177.00,178.41,174.72,178.19,178.19,"1,653,200"
VRTX,"Jan 07, 2019",173.05,176.78,170.87,175.85,175.85,"1,294,600"
VRTX,"Jan 04, 2019",165.90,173.31,164.90,172.70,172.70,"1,874,500"
VRTX,"Jan 03, 2019",165.83,169.32,163.18,163.73,163.73,"1,679,300"
VRTX,"Jan 02, 2019",161.21,165.14,160.95,164.08,164.08,"1,465,400"
VRTX,"Dec 31, 2018",162.80,166.21,162.00,165.71,165.71,"1,375,400"
VRTX,"Dec 28, 2018",163.52,164.84,160.38,161.42,161.42,"966,700"
VRTX,"Dec 27, 2018",158.95,162.58,156.27,162.37,162.37,"1,485,000"
VRTX,"Dec 26, 2018",152.98,161.87,152.40,161.84,161.84,"1,638,400"
VRTX,"Dec 24, 2018",155.40,158.47,151.80,151.91,151.91,"1,158,200"
VRTX,"Dec 21, 2018",161.94,165.07,156.30,156.50,156.50,"2,677,600"
